6759187451
1050776770
0032651882
1406455284
9635342185
9300111276
8799120779
5118506112
4385201681
3001520162
8420646929
9566961596
8959133694
1011358805
6694843302
0832399773
7404113287
2412387713
3154839063
1440216775
5185942399
2939718620
2628806637
5569941511
6684292703
8785828811
9067280462
6692990707
6448421450
6953202339
2012692617
9659428486
9055873576
6141103759
9365580789
7282059850
2929316250
9960207385
2597700937
5766084639
6378948632
6278464171
1392802698
8089528249
7289945837
4014430239
6543195943
5112714280
0421265203
9063393565
6572317799
3951919902
3843661693
8056069976
5003665911
8327258781
2695168764
0287094894
9445272431
2861641282
8478770050
9217467560
9761989818
4714073191
2267868360
1444494728
0964662137
3021925561
4056724183
4451508590
2147193670
5073123230
1294362697
5716887338
7627868514
3853257494
0702952468
1968899091
6028220226
9936512435
7862371669
5664740713
1020435529
3355818111
3549652300
5298018744
7313729164
0074163090
8447654685
9801417568
6088039384
3831472913
8265149813
2530671833
0490126373
1841777384
3608422036
3598719588
6894650261
0248093794
1620078045
1278094901
8405983337
1258699718
2152676217
9043956247
4801393714
1142127608
9386226104
2016885260
9527819890
2996232668
0570535159
8947405926
0870615590
6140723833
8704023149
4093655389
9390854496
6330473840
1022916752
4946973094
3790184132
6575248465
0723337817
1478319158
5689871057
3000922765
7630851452
5792437372
3902260918
4235768749
3349713176
4953357272
6326141821
6133243066
5455651504
1966230276
5311864416
5778003279
8288333501
3394393058
0113581048
8885436786
5987722461
8203093632
1327896702
6096402620
3582524231
4869890104
2616765613
8613635477
8833521569
4887631887
0300877558
5020277709
8227113677
2307801802
6378879596
8010857216
0487635413
4664218805
0753403805
6293044037
5838816593
8517183218
8703057001
0936513620
4832963742
1001316701
9969222671
9733500067
8656624743
2138628188
4804818849
5842170125
1750418253
4888919280
2955943954
4361655319
4259375915
5485367138
2900832839
5473845107
6606769680
7214038751
4785817770
5520449835
5072432418
5590244177
7342846426
9855287238
0359044086
7536876576
8328948247
9279089486
9415909569
6790860775
3123155600
1358322468
